 -0.4504560326466  0.0000000000000  0.0000000000000
 -0.1788801718877  0.0000000000000  0.0000000000000
 -0.1788801718877  0.0000000000000  0.0000000000000
 -0.4504560326466  0.0000000000000  0.0000000000000
 -0.0909074570675  0.0000000000000  0.0000000000000
 -0.3752177006952  0.0000000000000  0.0000000000000
 0.3752177006952  0.0000000000000  0.0000000000000
 0.0909074570675  0.0000000000000  0.0000000000000
 -0.3786685178001  0.0000000000000  0.0000000000000
 0.4884631521573  0.0000000000000  0.0000000000000
 0.4884631521572  0.0000000000000  0.0000000000000
 -0.3786685178000  0.0000000000000  0.0000000000000
