 0.0000312421409  0.0000031040611  -0.0000014915477
 0.0000341650744  0.0000028442804  0.0000144294254
 -0.0000387874938  -0.0000114257854  -0.0000166750692
 -0.0000266197214  0.0000054774439  0.0000037371915
 0.0000000000000  0.0000000000000  -0.0000000000000
 0.0000000000000  0.0000000000000  0.0000000000000
 -0.0000000000000  -0.0000000000000  -0.0000000000000
 -0.0000000000000  0.0000000000000  0.0000000000000
 -0.0000000000000  -0.0000000000000  0.0000000000000
 -0.0000000000000  -0.0000000000000  -0.0000000000000
 0.0000000000000  0.0000000000000  0.0000000000000
 0.0000000000000  -0.0000000000000  -0.0000000000000
